清除错误标志
00 00 06 05 2B 40 60 00 86 00 00 00

设为速度模式
00 00 06 05 2F 60 60 00 03 00 00 00
使能
00 00 06 05 2B 40 60 00 0F 00 00 00

设置速度为0
00 00 06 05 23 FF 60 00 00 00 00 00
使能
00 00 06 05 2B 40 60 00 0F 00 00 00

使能
00 00 06 05 2B 40 60 00 0F 00 00 00
使能
00 00 06 05 2B 40 60 00 0F 00 00 00





设置速度为11 11 
00 00 06 05 23 FF 60 00 44 04 00 00
使能
00 00 06 05 2B 40 60 00 0F 00 00 00

设置速度为0
00 00 06 05 23 FF 60 00 00 00 00 00
使能
00 00 06 05 2B 40 60 00 0F 00 00 00


松轴，不使能
00 00 06 05 2B 40 60 00 06 00 00 00


stm32提取
=============================
松轴，不使能
00 00 06 05 2B 40 60 00 06 00 00 00
使能
00 00 06 05 2B 40 60 00 0F 00 00 00
清除错误标志
00 00 06 05 2B 40 60 00 86 00 00 00
设为速度模式
00 00 06 05 2F 60 60 00 03 00 00 00

设置速度为0
00 00 06 05 23 FF 60 00 00 00 00 00
使能
00 00 06 05 2B 40 60 00 0F 00 00 00

设置速度为22 02
00 00 06 05 23 FF 60 00 de fe ff ff
使能
00 00 06 05 2B 40 60 00 0F 00 00 00

设置速度为0
00 00 06 05 23 FF 60 00 00 00 00 00
使能
00 00 06 05 2B 40 60 00 0F 00 00 00

松轴，不使能
00 00 06 05 2B 40 60 00 06 00 00 00